8
7 3
1 8 1 4 2 5 1
1 5 2 6 7 2 3
7 9 5 5 1 9 8
3 7 0 9 8 0 7
5 5 3 9 5 1 4
2 5 9 3 3 6 8
0 1 4 1 8 4 0
7 2
3 3 8 8 5 5 0
4 3 9 6 0 2 5
0 8 6 2 0 3 8
5 1 0 8 2 9 6
1 7 5 3 9 2 0
8 4 2 9 5 5 3
2 3 6 2 9 1 4
5 3
9 3 0 4 0
3 9 4 0 4
0 4 9 4 0
4 0 4 9 3
0 4 0 3 9
5 4
1 2 3 4 9
2 3 4 5 9
3 4 5 6 9
4 5 6 7 9
9 9 9 9 9
4 1
0 0 0 0
0 0 0 0
0 0 0 2
0 0 10 100
4 2
1 0 20 0
2 0 0 0
0 0 0 2
0 0 10 1
10 4
1 2 3 4 5 6 7 8 9 10
11 12 13 14 15 16 17 18 19 20
21 22 23 24 25 26 27 28 29 30
31 32 33 34 35 36 37 38 39 40
41 42 43 44 45 46 47 48 49 50
49 48 5 3 7 5 6 8 7 4
10 9 8 7 6 5 4 3 2 1
31 32 33 34 35 36 37 38 39 40
41 42 43 44 45 46 47 48 49 50
21 22 23 24 25 26 27 28 29 30
5 4
1 3 5 7 9
2 4 6 8 10
1 5 10 2 5
3 7 5 9 4
6 8 4 2 3